YEAR MONTH EURO NHAFR SHSA CEAS EQAS AUST MIDE CEAM SEAS BONA TENA SHAFR NHSA BOAS GLOBAL 
2001 12 265.74744 367494.56 7036.5112 130.51247 129.65384 85722.438 52.591373 90.156639 320.91470 0.0000000 182.03055 5116.1748 2666.9192 24.471088 469232.69 
2002 01 129.43918 278085.38 12304.450 377.79926 332.93561 44801.840 362.77316 189.32895 20006.188 0.0000000 472.89304 5879.2866 7979.2920 0.0000000 370921.59 
2002 02 121.49681 138086.06 6203.4209 886.96960 374.36472 13550.114 16.958035 533.64148 9186.9619 0.0000000 342.59525 3735.2756 13787.097 81.784950 186906.73 
2002 03 139.74280 45809.879 3715.3123 2405.6797 495.43222 10171.601 102.60685 2338.7063 11588.992 0.0000000 496.07620 8956.8477 3714.8831 4894.0029 94829.766 
2002 04 46.366272 19929.340 1901.2319 2009.6345 162.28197 38935.648 215.94662 6088.7930 6566.8379 83.072906 303.74203 24290.775 272.40186 6362.9126 107168.99 
2002 05 3.8638561 7725.3511 1924.6298 946.00079 65.256233 46397.184 343.66852 7828.6016 705.36841 1372.5275 959.52423 132129.06 0.0000000 9903.7070 210304.75 
2002 06 78.135757 2101.2937 6976.1924 3381.9475 142.31870 27586.430 476.54224 850.04834 115.48637 7349.9131 4434.8481 169207.92 30.696190 4462.3247 227194.09 
2002 07 629.37921 1445.7262 20715.420 26405.379 1361.7946 33296.137 502.73062 226.03558 309.75247 16773.857 4102.1274 312944.00 306.96191 16722.555 435741.88 
2002 08 660.29010 1027.1417 94374.258 115813.51 6464.0166 56422.816 475.46896 132.01508 319.41211 3924.1753 2497.9829 331234.22 883.32043 27294.709 641523.31 
2002 09 206.07233 7126.4531 92149.961 93903.727 11960.137 69769.867 222.60104 115.91568 70.622704 49.371494 798.74493 254676.20 1582.8929 17190.939 549823.50 
2002 10 92.732544 45080.684 57188.074 16422.031 8157.0293 191322.05 39.067879 15.455424 44.434345 62.894993 266.60608 132448.69 1913.6821 3488.2034 456541.66 
2002 11 28.549603 162454.55 21179.082 2072.5295 954.80176 162194.16 19.963257 72.983948 51.088764 201.34982 564.33765 26884.281 3149.2573 94.879135 379921.81 
2002 12 0.0000000 452664.91 6291.8604 96.381744 365.99304 74355.828 85.219490 154.76891 1058.6967 1.0732934 256.73178 4055.3315 8096.4956 0.0000000 547483.31 
2003 01 18.675304 345719.81 7952.8892 1608.0081 227.10889 29084.963 59.889771 349.89365 15382.870 8.3716879 852.19495 5966.4380 22031.062 0.0000000 429262.19 
2003 02 115.05705 113287.83 6817.1299 946.85938 357.83600 7207.5942 26.832335 1143.2721 16444.357 0.0000000 615.42639 11613.893 17553.498 80.711662 176210.30 
2003 03 1108.0681 42518.945 3190.0425 8983.0361 466.23865 2569.4644 94.664474 11862.897 27445.398 84.575516 2047.8438 11092.058 21540.354 32882.918 165886.50 
2003 04 354.18680 18168.711 3294.3667 12890.683 234.19261 7732.8638 79.853027 7365.7979 14628.345 186.32373 2188.0159 17829.764 4369.1626 23219.629 112541.89 
2003 05 2.1465867 7900.0830 5304.2158 21094.938 684.54651 32727.506 60.319088 19930.199 1688.7198 267.89401 324.56390 152397.34 284.85205 63486.590 306153.94 
2003 06 120.42352 511.53162 7347.9810 5197.5303 1222.6958 22278.994 466.66794 1064.0630 750.66138 5067.4473 981.84875 186779.02 22.753819 20623.117 252434.73 
2003 07 891.26282 593.96057 30930.168 6241.2007 626.58868 16025.343 1257.2559 446.06073 35.418682 3955.5154 2656.1863 314820.56 252.65326 23355.938 402088.12 
2003 08 5161.4678 696.56738 56227.691 15637.670 2225.1519 14017.855 743.14832 102.82150 180.31328 8612.5352 3109.3308 421886.09 522.04987 14782.255 543904.94 
2003 09 759.89172 4225.1265 79883.508 32462.830 2775.7512 31653.139 213.37073 34.130730 209.50687 1518.2808 1102.9163 245023.44 391.10809 8090.4854 408343.47 
2003 10 17.172693 54416.617 27705.779 37652.848 1539.9613 69829.969 53.235352 85.219490 91.015274 312.75769 3070.6924 171542.33 1071.3615 3149.6868 370538.66 
2003 11 7.7277122 165798.70 15884.527 919.38312 970.47186 70995.352 6.6544189 75.989166 225.17696 82.428932 1070.0735 21553.020 1769.4314 89.941986 279448.88 
2003 12 0.0000000 483872.62 8760.8643 1630.3326 141.67471 11685.803 281.84683 211.00948 2824.2642 8.8010054 356.97736 3925.4631 3548.5225 147.89983 517396.09 
2004 01 10.518275 229121.73 5740.4023 404.41693 254.37053 4578.0254 563.90833 478.68884 22790.098 0.0000000 581.08105 3595.9622 21407.266 39.926514 289566.38 
2004 02 63.968285 166218.16 4909.2437 4010.8972 197.05666 747.65619 57.313866 1230.4235 19351.479 1.7172694 1103.7749 4458.0312 26173.977 11.591568 228535.28 
2004 03 243.63759 65377.734 6482.4771 2751.7095 279.91492 1484.3647 31.554825 2608.7468 69911.969 180.52794 3067.2578 8165.6157 9592.2373 496.50552 170674.25 
2004 04 123.85805 20893.803 2423.0671 5754.1406 320.70007 9030.4756 51.303425 4944.6626 9919.3770 123.21408 1121.5916 12411.779 1259.4023 15216.939 83594.312 
2004 05 10.518275 11776.389 3056.7395 6134.0864 292.15045 9592.0225 151.76369 2150.6653 1277.8632 77.277122 570.77740 141683.09 26.188358 27864.197 204663.73 
2004 06 131.15645 3161.0637 10221.402 79192.094 835.23688 25325.645 300.73679 408.28079 443.27017 11924.504 757.74512 243215.80 44.219685 864.00116 376825.12 
2004 07 1428.5535 2781.3325 19131.670 13530.151 1010.6130 31226.396 440.26495 170.43900 38.638561 16921.973 1413.0980 296434.62 144.03596 4243.5874 388915.38 
2004 08 429.74667 394.97195 59911.020 17700.109 7874.3242 37896.914 583.87158 208.43356 290.86249 13738.155 749.37341 350324.25 399.47980 845.96985 491347.47 
2004 09 142.53336 6027.8301 127363.22 15529.911 8049.7002 92790.719 313.18701 92.732544 84.575516 878.59796 418.36975 321683.62 790.37323 350.32294 574515.69 
2004 10 62.680332 94883.430 32646.148 15495.136 11260.994 218627.70 108.40263 56.240574 109.04661 81.784950 637.53625 126724.61 1390.3442 3524.9102 505608.97 
2004 11 5.5811257 196077.39 13107.702 1001.8120 1315.6429 147871.48 24.471088 142.96268 1001.5974 34.130730 488.13382 23530.025 3956.1592 2277.7432 390834.84 
2004 12 7.2983947 366138.38 9073.4072 1160.6594 69.120094 51218.203 79.209053 317.05087 11540.909 0.0000000 395.61594 2762.0132 6896.7686 0.0000000 449658.62 
2005 01 68.046799 367655.34 3687.6213 657.71417 512.39026 8659.3311 368.56894 832.01703 16903.297 14.167472 745.50958 4649.0776 9738.8496 0.0000000 414491.94 
2005 02 30.266872 117363.13 7845.5596 2047.6292 1293.5332 8603.9492 191.26088 2749.1335 26527.520 157.34480 998.37750 11330.543 7796.8325 26.403017 186961.48 
2005 03 848.97504 41184.199 10900.153 2405.0359 1083.5970 4283.7285 78.135757 9766.5400 22061.975 37.779926 2012.2104 5574.4712 17652.885 11364.245 129253.93 
2005 04 42.287758 20838.420 2245.1150 6856.4126 351.18158 15722.674 66.973503 12309.602 11953.054 14.167472 3058.6714 41389.840 2012.8544 7232.0654 124093.32 
2005 05 15.026107 6883.4595 3240.0581 2626.7783 176.66409 38124.668 315.97757 10925.053 2021.6554 467.31192 434.89847 122927.08 147.25584 2160.3250 190466.20 
2005 06 192.54883 958.23633 5268.5825 19223.113 512.17560 16905.014 346.67377 2857.9656 1137.9056 9243.2021 4983.9453 256211.22 252.86792 666.72986 318760.19 
2005 07 1095.8325 1123.0942 27302.650 70576.984 715.24268 19340.531 615.21173 304.38599 128.79520 8439.3057 4089.0330 361797.75 457.00830 7435.5615 503421.38 
2005 08 2994.0591 226.25024 96414.805 13039.441 2286.3296 23196.660 471.39044 84.360855 220.66911 9898.5557 2102.7964 380415.94 616.71436 3647.4802 535615.44 
2005 09 418.58441 4910.1025 104597.59 19021.119 2751.2803 30279.967 163.56992 45.507637 196.41269 423.09225 1305.1248 300394.84 1255.1093 3079.0640 468841.38 
2005 10 281.84683 71488.203 42134.922 26384.557 1283.8735 49298.512 43.146393 51.088764 53.235352 47.010250 602.11755 116457.05 1592.7673 19822.012 329540.34 
2005 11 4.0785146 315044.88 13657.014 511.53162 106.90002 40721.395 334.86752 185.46509 84.575516 36.921291 1207.2404 29095.051 3063.8232 540.08124 404593.81 
2005 12 13.738155 421257.78 3730.5530 1161.0887 59.245792 18508.301 29.837555 114.41307 812.91241 13.738155 534.07080 7427.1899 9646.9756 1.2879519 463311.12 
2006 01 4.0785146 246953.20 6260.5200 549.52618 104.10946 3812.5527 62.251015 334.86752 14509.638 51.088764 1435.6372 2814.3899 9290.8564 0.0000000 286182.72 
2006 02 51.088764 88078.742 5484.0996 965.10541 109.47592 1133.6124 592.45795 884.17908 21244.982 0.0000000 1532.8776 5192.5933 10668.321 0.42931733 135937.97 
2006 03 438.33301 56645.848 2368.5437 4162.2319 225.17696 1028.2150 18.460646 3340.9475 28149.908 152.19299 4480.1411 10352.988 8997.8477 930.76001 121291.59 
2006 04 120.42352 20503.123 1930.4254 7664.6025 294.29703 3758.2439 113.12512 5840.4331 10038.727 114.19841 3055.8809 13372.162 5070.6670 21204.629 93080.938 
2006 05 69.978729 7688.6445 5039.7563 12109.325 180.31328 15718.381 102.60685 7937.0044 624.01276 238.91510 771.05396 76532.898 704.72443 22693.930 150411.55 
2006 06 81.140976 1731.4368 4856.2231 56000.367 238.91510 17207.684 219.38116 563.04968 233.11932 9011.3711 1959.1897 210981.78 101.53355 1233.8580 304419.06 
2006 07 244.71089 1592.3380 18791.863 22456.732 1085.9583 18989.564 278.62695 34.560047 225.82092 6744.1460 6506.5190 291892.22 200.06187 15225.954 384269.09 
2006 08 1789.6093 417.08179 68675.320 42672.641 6673.3086 55317.969 401.84103 23.183138 107.97331 756.45715 6469.3833 373396.19 454.00308 3281.2725 560436.25 
2006 09 177.09340 2085.8384 73960.000 28963.465 8301.9238 86751.297 284.63739 52.162056 110.97853 1544.6838 3370.7852 331367.31 821.92804 3008.0120 540800.12 
2006 10 16.314058 56425.395 8940.7480 4233.4985 13581.884 86384.234 268.96732 9.8742990 123.64340 65.470894 645.69330 138659.62 2029.1685 4050.8237 315435.34 
2006 11 57.528522 202499.77 6712.5913 465.59467 3196.6970 213547.17 84.575516 54.737961 362.77316 2.5759041 461.51614 23498.256 2018.4355 482.55270 453444.75 
2006 12 18.031328 422765.53 2754.5000 347.10306 691.41559 66267.062 382.73642 106.04138 1998.4722 12.235544 338.30206 4810.5010 6094.1597 86.507446 506672.59 
2007 01 94.449814 316450.25 1817.0857 974.12103 183.96248 5061.4370 305.02997 357.19202 27739.482 0.0000000 429.10269 4016.2639 16265.976 32.628117 373726.97 
2007 02 59.675110 156149.38 2587.4956 1539.7467 421.80429 12737.416 211.22414 1257.2559 18891.680 0.0000000 1995.8962 7756.0469 32258.904 1.0732934 235867.59 
2007 03 548.02356 62948.012 2370.9050 4642.4233 383.38040 2783.2644 17.387352 2161.8274 56796.109 49.371494 1512.0557 25726.627 9715.0225 3293.9373 172948.34 
2007 04 131.37111 20092.695 1245.2350 1617.4531 265.31812 8137.9248 94.235153 5067.6621 21478.531 15.884742 1019.6287 15534.204 2400.3132 17356.441 94456.898 
2007 05 1.9319280 9867.6445 4280.5088 8339.7041 103.68014 20438.297 174.94682 10846.059 677.24811 658.14349 2369.4023 118726.85 732.63007 4931.9976 182149.05 
2007 06 267.89401 1912.8234 13054.896 20705.762 314.26031 22848.484 503.58923 1466.1187 696.56738 5475.2988 710.94952 204136.95 110.11990 1915.1847 274118.91 
2007 07 3229.9690 556.82458 29963.775 13536.805 431.67859 24498.137 656.85553 560.68848 172.58557 6947.4277 10348.051 358296.44 401.19705 4669.8994 454270.34 
2007 08 3645.3335 264.45947 119205.54 31015.602 963.60278 45127.477 1507.1185 94.235153 96.381744 581.51031 7009.8936 362663.69 167.64842 5500.1992 577842.69 
2007 09 240.63237 7161.4424 195711.81 28778.000 1526.8671 132205.48 638.82422 8.1570292 71.052017 1079.7332 1597.7045 309255.53 459.79889 3759.1028 682494.12 
2007 10 100.03094 72487.875 57819.602 8531.6094 793.80780 120657.06 173.65887 221.74242 118.06227 64.182945 2324.9680 100359.80 495.00290 5755.8574 369903.25 
2007 11 147.89983 177895.80 16413.018 1872.8969 106.68536 86935.047 186.96770 76.847801 249.86269 0.21465866 692.05957 16574.439 3661.4331 3064.2524 307877.41 
2007 12 2.1465867 413372.06 2795.5000 942.35156 32.413460 34034.777 17.602011 125.36066 1144.9894 2.7905626 462.80411 4786.0298 3740.6421 329.71573 461789.19 
2008 01 83.502220 300031.66 2277.5286 1275.7166 81.355637 18862.486 147.89983 710.52020 17565.090 0.0000000 605.76678 3247.5710 11938.457 4.2931733 356831.84 
2008 02 423.09225 140721.42 3470.1721 3272.6860 164.21388 1725.2117 783.93347 860.35199 10503.249 34.345387 1998.9016 8227.8672 14259.990 2945.7610 189391.20 
2008 03 69.549408 43675.957 4447.9424 16300.965 79.638367 2479.9517 28.764261 2864.4053 27771.035 54.093987 3091.2996 8232.5898 13617.302 27452.912 150166.41 
2008 04 124.07271 13767.563 5667.2036 13842.694 104.32411 18330.777 16.314058 5537.1206 12329.135 54.523304 4914.8252 15750.580 5004.5522 64989.844 160433.53 
2008 05 25.115065 7443.0747 4142.6978 7975.2134 217.23457 38556.348 10.732934 9604.2578 2295.5598 298.80487 1096.6912 83799.094 351.18158 15963.521 171779.53 
2008 06 35.418682 2417.7007 9491.5625 19483.279 215.73196 14885.720 164.42854 1165.5966 169.58035 3666.3701 2274.7378 210968.27 97.240379 9084.9990 274120.62 
2008 07 212.08276 893.83868 14588.633 21903.127 664.58325 19134.029 473.10770 128.58054 229.04080 6607.6230 3072.8389 298774.81 178.59602 15781.491 382642.38 
2008 08 494.14426 49.800812 40720.750 30065.738 1322.5121 30909.346 649.55713 112.05183 114.41307 2374.9834 1821.3788 346706.59 360.62656 1182.3400 456884.25 
2008 09 151.54903 2031.7443 72244.234 9379.2959 698.07001 26520.221 688.41034 47.439568 47.868885 201.34982 679.39471 447290.06 365.77838 1454.5272 561799.94 
2008 10 15.884742 57919.418 42360.098 7374.5986 257.37576 84095.539 68.476112 107.11468 75.345192 183.10385 613.70917 129727.47 1422.9723 6273.3999 330494.50 
2008 11 14.167472 227048.98 17297.625 727.69287 42.287758 53401.711 572.28003 86.292786 197.48598 1.9319280 1569.5842 21647.039 2483.1714 730.26880 325820.53 
2008 12 20.177916 373786.88 8684.4463 521.19128 55.381935 6408.8491 763.32623 152.62231 1290.7426 0.0000000 293.22375 4490.4448 5853.0981 77.921097 402398.28 
2009 01 5.1518083 227950.98 6208.3579 1103.1309 311.68439 2369.1877 28.120287 372.43280 11192.732 0.0000000 945.35681 3149.9014 6625.0107 178.59602 260440.64 
2009 02 80.711662 88989.969 1644.0708 3644.4749 299.23419 3975.4785 410.64203 997.94818 47886.484 0.0000000 1707.8243 5649.3867 8993.5547 0.85863471 164280.64 
2009 03 641.40009 43382.090 3442.6958 5919.2129 111.62251 2530.8257 20.177916 3277.4087 39231.234 22.324503 1787.8921 7196.4321 7858.2246 4074.8655 119496.40 
2009 04 386.60028 24015.582 6234.5464 6432.0327 72.125313 23922.422 25.115065 9768.9014 15667.078 257.80508 7928.8472 24098.227 4988.0234 29586.619 153383.92 
2009 05 2.5759041 9796.5928 3809.1182 4481.0000 273.26050 32701.961 67.188164 5537.9790 1137.2616 75.345192 293.86771 50347.547 2413.8369 11586.416 122523.95 
2009 06 24.471088 4954.1074 3673.4539 9158.8418 590.52600 17503.482 296.87292 700.00195 791.01721 1906.5983 938.70239 213805.62 260.38098 3064.8965 257668.97 
2009 07 621.65149 1991.1738 8471.2900 22793.746 1406.6583 18569.049 1108.0681 262.95688 143.39198 5805.6582 604.69348 307760.44 399.47980 7720.6284 377658.88 
2009 08 748.72943 779.42566 25911.662 9062.6748 4765.4224 22639.621 630.66718 431.46393 39.282536 4427.5498 2080.0425 370167.28 813.12708 3999.5205 446496.47 
2009 09 393.46936 2720.5840 35759.773 3303.8115 10539.955 35474.277 304.17133 450.56854 35.848000 186.96770 728.55151 353050.41 1727.3583 2637.7258 447313.47 
2009 10 66.973503 46797.953 20257.340 5775.6060 1678.2015 96710.172 95.093796 51.088764 73.413269 69.978729 594.81915 106468.13 2819.7563 423.30688 281881.84 
2009 11 18.889963 195478.06 12073.262 1724.9971 403.77295 103648.15 42.502419 100.24560 283.99341 47.439568 508.52640 19346.543 4424.5444 150.26106 338251.19 
2009 12 0.0000000 370008.00 4799.5532 264.88879 216.80527 45968.727 62.894993 116.55966 1423.6163 0.0000000 147.68517 2897.4629 9550.1641 0.0000000 435456.38 
2010 01 0.0000000 260263.12 2405.0359 638.82422 353.32816 5941.3228 67.188164 335.08218 19754.180 0.0000000 616.28503 3747.7258 19287.082 0.0000000 313409.16 
2010 02 0.0000000 92594.953 3814.0554 5091.9185 637.53625 7810.1411 110.97853 1339.4701 17272.080 188.89963 890.61884 8595.5771 12298.225 0.0000000 150644.45 
2010 03 628.30591 49626.293 2305.8635 4706.6060 770.83929 2227.7278 50.230129 4467.2617 65329.219 66.329529 1821.1642 9528.9131 7838.4761 1383.9045 150751.14 
2010 04 123.64340 11146.152 4253.0322 8815.8174 363.20248 7444.7920 35.204021 2452.4753 16071.065 73.842583 2728.5264 20623.977 1290.9573 21039.770 96462.453 
2010 05 39.711853 5675.3608 4843.1289 1991.6031 90.156639 15912.218 176.66409 4220.6187 936.34113 1292.2452 306.53259 81644.570 101.96287 1745.6042 118976.72 
2010 06 18.460646 1744.5310 12474.030 42922.934 285.28137 19184.475 464.30670 1252.1040 99.816284 10260.470 761.82361 205986.69 79.423706 1326.5906 296860.91 
2010 07 218.73718 505.30652 35271.211 30998.000 722.11176 22083.654 695.92340 33.057438 76.418488 8967.5811 1041.0946 295688.88 104.32411 15931.323 412337.62 
2010 08 1333.6743 607.05475 148365.42 28795.816 721.89709 26552.635 1544.6838 93.591179 95.737770 4965.4844 1863.8813 423873.38 266.39142 15250.425 654330.06 
2010 09 173.87352 1881.6979 186423.11 19581.379 464.09204 15448.126 764.61420 31.984142 62.251015 324.13458 727.90753 386719.19 495.64688 2024.8752 615122.88 
2010 10 57.313866 34906.504 48187.438 4552.6958 363.84644 23427.633 346.45911 86.507446 75.130531 63.538967 1147.7799 218183.80 1494.4537 6757.4551 339650.56 
2010 11 75.559853 151853.62 10602.421 2190.1624 23.183138 30192.816 215.51730 92.088570 326.28119 0.64397603 507.45309 28819.000 923.46161 603.40552 226425.62 
2010 12 10.947592 380242.94 6314.3994 395.40128 8.1570292 5306.7915 269.18198 258.01971 752.59332 0.0000000 604.04950 2991.2686 3175.8750 0.0000000 400329.62 
2011 01 11.376910 260618.59 1597.0605 308.46451 132.22974 6941.2026 21.680527 483.84064 21791.074 0.0000000 484.69928 2699.5476 11356.946 38.638561 306485.38 
2011 02 135.44962 148032.27 789.29993 4971.4946 223.24503 2178.5708 1035.5134 857.56140 12896.264 0.0000000 2325.1826 4275.1421 10429.406 155.19823 188304.59 
2011 03 710.09088 53586.746 2267.4397 3631.1660 163.99924 2251.3401 224.53297 3575.5696 29096.123 44.434345 2098.7178 8497.2637 3955.7300 15684.251 125787.41 
2011 04 174.51750 17986.465 1753.5468 8992.0518 207.78960 17358.158 14.167472 14368.178 7087.8149 165.93115 11229.868 9126.4277 831.80237 32846.211 122142.93 
2011 05 96.167084 8669.6348 2776.3953 2117.8225 140.81609 52577.637 21.895185 13320.859 455.29105 1862.1639 3227.1785 74562.336 102.39219 9450.3477 169380.94 
2011 06 55.811256 3326.7800 6591.0947 11875.776 463.44806 33613.832 85.863472 4730.0039 298.37555 6487.1997 6619.4297 210308.61 120.42352 5836.5693 290413.22 
2011 07 259.09302 1010.8277 13206.231 11060.717 1139.4082 35048.180 213.80003 185.46509 125.57532 5807.1611 1216.9000 354565.69 320.48541 13387.188 437546.72 
2011 08 841.46198 196.84200 38974.715 8572.6084 3128.4355 90357.562 375.43802 136.09360 82.428932 406.77817 3168.5767 394448.62 672.31097 4550.5493 545912.44 
2011 09 482.98203 1586.3276 93561.555 9945.5654 3140.4563 278067.12 824.07465 36.706635 59.889771 614.78241 2138.4297 394562.16 626.37402 3870.0813 789516.50 
2011 10 721.25311 40950.863 19124.586 3642.5430 801.10614 235853.64 135.23495 43.146393 59.675110 474.39566 1722.4211 182094.31 810.76581 8866.9062 495300.84 
2011 11 442.84085 148580.08 8145.2231 358.69464 85.863472 70692.898 225.39162 94.449814 198.12994 20.177916 990.22046 33156.609 1271.2087 285.71069 264547.50 
2011 12 53.879326 396592.62 11355.014 171.94160 7.2983947 48946.258 114.41307 250.50667 918.95380 54.523304 882.67645 2927.9443 3536.2871 0.0000000 465812.31 
2012 01 17.602011 280129.12 8182.3594 190.18758 100.46026 33840.727 57.957840 144.67995 16869.166 0.0000000 676.38947 10196.502 9099.3809 8.8010054 359513.34 
2012 02 790.58789 135797.16 5513.0786 1087.8903 171.51228 24256.215 16.528719 531.28021 30549.363 7.5130534 683.90253 11191.659 8618.5459 76.847801 219292.08 
2012 03 1031.0056 49452.207 4849.9980 5182.5044 158.41811 3623.0090 75.774513 2045.2678 45282.891 443.69949 913.37262 9061.6016 5337.7026 9718.6719 137176.12 
2012 04 24.471088 19835.965 1720.2747 20798.707 61.392380 38231.781 16.528719 5033.5312 7397.5674 194.26610 620.79291 22849.986 190.18758 22106.193 139081.66 
2012 05 49.586151 2826.8401 2892.5256 9199.4121 38.853222 51761.934 33.916069 5736.3237 2899.3948 785.65076 1583.1077 111915.73 149.83176 9100.4541 198973.56 
2012 06 369.21292 1080.3771 8990.9785 10059.979 518.83002 44682.492 196.19803 1670.9031 691.63025 3001.1428 3785.5056 265008.59 180.52794 20700.395 360936.75 
2012 07 1354.9255 454.43240 18246.631 20919.990 613.27985 36015.219 488.13382 135.02029 261.66891 8686.8066 7212.9609 305902.12 266.17676 39954.418 440511.78 
2012 08 2171.4871 560.47382 72012.617 11737.966 1999.3309 64555.160 2225.1519 62.680332 432.96655 1670.6884 11339.130 358157.34 358.05066 16395.199 543678.25 
2012 09 998.16284 3633.3127 114025.83 4070.7871 4005.1016 131018.21 354.40146 23.397795 49.586151 1412.0247 3143.6763 321029.78 1219.0466 1771.5780 586754.88 
2012 10 48.727520 51698.180 41956.969 3837.6677 1892.4309 242961.20 107.54399 133.94701 83.287567 98.313675 961.67084 109998.19 1612.0865 486.41656 455876.62 
2012 11 6.6544189 134209.75 8792.2051 517.32739 514.10754 167095.25 42.717075 108.18797 156.48618 1.2879519 492.42700 18882.234 3633.5273 6.2251015 334458.38 
2012 12 0.0000000 322585.19 4112.0015 97.669693 420.30167 57444.809 33.272095 191.69019 4466.8325 0.0000000 264.24484 3870.0813 5805.8730 2.5759041 399294.53 
2013 01 0.0000000 300224.84 6283.0591 576.35852 132.44440 29484.014 229.04080 333.15027 15338.435 0.0000000 959.30963 2731.9609 13858.364 0.0000000 370150.97 
2013 02 12.879520 110989.27 4924.6992 945.78613 227.10889 5686.0938 157.34480 1403.0092 18586.221 0.0000000 713.09613 6563.1890 11239.957 0.0000000 161448.66 
2013 03 45.292980 39835.066 3099.2419 2169.9846 163.14059 3684.6162 51.303425 5354.4458 22830.883 25.544382 1998.0428 7301.8296 9567.5518 168.72173 96295.664 
2013 04 321.77335 21562.248 1615.0918 4871.8931 140.38676 18798.305 54.308643 7150.0659 23865.322 139.52814 286.35468 20318.088 2951.9861 20502.479 122577.83 
2013 05 11.376910 7955.0356 2222.1465 6238.8398 48.083542 13481.638 216.80527 8571.3203 1427.6948 556.82458 630.88184 121744.31 107.11468 1967.9907 165180.06 
2013 06 12.235544 2934.5986 2723.8040 3029.4778 1797.1224 18013.512 114.84239 1300.8315 47.439568 10336.030 1628.4008 247531.94 124.93135 3236.8381 292832.00 
2013 07 298.37555 1462.4695 16347.117 2742.2644 571.63605 20739.678 191.04622 95.523109 43.361053 22999.174 1736.3740 285036.25 280.77353 12561.611 365105.62 
2013 08 1212.6068 853.91217 30955.068 1914.9700 1427.9095 25387.682 482.76736 92.088570 73.842583 5790.2031 4247.4512 377663.59 285.71069 17437.797 467825.62 
2013 09 410.21271 2104.7283 52372.637 2279.0310 1771.5780 32042.314 235.48056 65.256233 53.664669 859.06403 473.10770 297308.91 494.14426 387.67355 390857.81 
2013 10 89.941986 48279.098 16598.268 4717.1245 1331.3131 61162.480 152.83698 14.167472 134.16167 69.334747 318.33881 92451.555 1123.9528 461.30148 226903.88 
2013 11 32.198799 146500.89 6122.0654 995.15759 37.565269 39954.848 181.38658 88.654030 243.85225 7.7277122 435.11313 22511.039 2288.9055 27.905626 219427.31 
2013 12 14.811448 314527.34 5504.4922 682.61456 15.026107 13438.492 190.18758 166.78979 935.05316 0.0000000 356.76270 2327.5439 3584.3706 0.0000000 341743.47 
2014 01 0.0000000 245724.08 9583.6514 1577.9559 391.53741 14001.112 137.38155 274.76309 11081.110 5.5811257 718.46259 2004.2679 14519.942 1.9319280 300021.78 
2014 02 169.58035 119314.80 5740.4023 3179.0950 1607.3641 3306.6023 153.48096 440.47961 20076.596 0.0000000 677.24811 6730.8374 15579.282 390.89343 177366.67 
2014 03 517.97137 36103.227 2751.0654 6790.2979 1968.4200 5062.0806 48.298203 2371.7637 39365.395 0.0000000 2255.2041 5236.5981 12145.388 43220.020 157835.73 
2014 04 35.633339 19627.529 1266.7008 6791.5859 171.29762 9460.8662 172.15627 5546.1362 18033.260 133.73235 5759.5068 8415.6934 3726.4746 24962.871 104103.45 
2014 05 16.314058 5376.3413 1792.3999 3181.0269 109.90524 24536.346 95.308449 1960.0483 1823.7401 518.18604 885.68170 80767.258 1072.6494 7745.5288 129880.73 
2014 06 62.465675 1676.2697 4505.2563 9727.2578 447.34866 36932.453 398.83582 632.81378 1354.9255 2172.3457 732.41541 201651.86 191.69019 3080.3518 263566.28 
2014 07 100.24560 801.32080 9930.9688 15851.899 946.00079 24989.920 490.70972 134.80565 111.19319 16405.719 4158.3677 301927.31 422.23361 23243.455 399514.12 
2014 08 194.69542 138.24017 42550.930 32073.869 1752.6881 47580.383 916.80719 58.387157 186.75304 11611.317 2046.9851 327479.19 427.60007 8461.8447 475479.69 
2014 09 41.214466 1052.4716 48399.305 7893.8579 7425.2583 70679.156 251.15065 6.0104427 23.827112 541.15448 810.55115 290822.38 887.39893 2067.8069 430901.53 
2014 10 29.837555 40168.219 45891.664 8378.7725 9322.1973 125054.35 132.22974 20.821892 67.188164 18.245987 415.79385 142319.77 2008.7759 1783.3842 375611.25 
2014 11 48.298203 129392.38 6579.2881 1227.4183 1231.0675 84880.328 36.491974 130.94179 198.34460 0.0000000 547.59430 19809.133 1951.8914 109.69058 246142.88 
2014 12 4.7224908 318860.44 5160.8237 239.12976 119.77954 18377.787 243.20828 201.13518 1011.6863 8.3716879 335.51151 2711.3538 4675.9097 0.0000000 351949.84 
2015 01 5.3664670 247914.02 5889.1606 605.33746 189.54361 6970.6113 116.77432 349.03500 17002.256 0.0000000 573.13867 4177.0430 8206.4014 5.1518083 292003.84 
2015 02 154.12492 113688.60 2210.1257 1817.3003 223.24503 6259.8760 150.47572 756.24249 17702.043 0.0000000 901.13708 7976.9307 7408.9443 166.78979 159415.83 
2015 03 116.98898 38294.035 4280.0791 5743.1929 608.77197 11141.644 182.03055 2224.5078 43983.777 111.40785 2061.3672 10580.741 11297.915 14626.627 145253.08 
2015 04 108.40263 27955.857 2745.2698 17306.641 205.64301 43826.219 201.34982 4751.6846 8746.2676 119.13556 646.55194 15734.051 4374.0996 11338.700 138059.88 
2015 05 49.586151 3923.7458 1870.5356 2850.4524 88.224716 52214.219 165.71649 4520.9263 1324.8733 1485.6527 463.23340 70801.727 1521.9301 5226.2949 146507.12 
2015 06 33.701412 1466.3334 5084.1904 12694.914 341.09262 22245.723 312.11371 374.79404 440.69424 18618.635 803.89673 194144.17 260.59564 2748.2749 259569.12 
2015 07 590.74066 1355.3549 10932.781 14317.089 1915.6140 22407.145 713.95471 339.16071 102.82150 19793.676 755.38385 339281.78 198.98859 13084.090 425788.56 
2015 08 560.25916 1989.0273 36433.586 35556.062 4215.2524 29599.928 1102.9163 241.06169 162.92593 1707.8243 9419.6523 368332.59 423.73621 9771.9062 499516.75 
2015 09 130.94179 8044.1191 77927.750 11898.960 11658.971 39083.977 478.04486 33.272095 51.732738 63.324306 1651.7985 288197.09 1385.8364 3170.9380 443776.75 
2015 10 10.088958 34535.789 58581.211 9173.8682 11482.092 84967.695 106.04138 49.586151 52.806034 51.088764 926.46686 106274.72 2099.7910 3348.2461 311659.50 
2015 11 95.523109 166554.73 18512.594 1134.2563 1897.7972 86917.656 208.43356 50.444790 200.06187 7.0837364 419.65771 34802.395 3054.5930 1573.6627 315428.91 
2015 12 129.22452 310564.53 15292.498 58.387157 1208.5283 14491.178 14.167472 151.54903 5915.7783 8.1570292 298.16089 3967.7510 3866.0027 0.21465866 355966.12 
2016 01 7.2983947 355039.00 4880.4795 214.44402 698.28467 7602.5664 601.25891 421.80429 14260.420 0.0000000 277.98297 4451.3770 17937.523 1.9319280 406394.38 
2016 02 14.382131 98759.086 2866.7666 2003.4094 451.64185 2287.1882 79.209053 1300.4022 19768.990 0.42931733 1699.4528 3795.8093 13875.107 0.0000000 146901.88 
2016 03 35.418682 23347.994 3111.9067 2550.1450 650.84509 3528.1299 42.073101 1706.5364 22016.896 191.04622 4748.4644 4930.9243 12484.763 4583.8213 83928.969 
2016 04 27.261650 14759.501 2739.0447 4591.5488 607.26941 21037.408 148.75845 6948.7158 27525.896 273.90448 4969.7778 17451.105 1674.3376 6480.9746 109235.51 
2016 05 8.1570292 5275.8809 2962.5044 6143.5312 91.015274 12936.834 200.92052 7440.7134 2133.2778 4359.5029 502.73062 95004.922 7.0837364 15632.088 152699.16 
2016 06 121.06749 2412.9780 7080.9458 1779.3057 143.39198 16519.701 474.18100 1145.6333 341.95126 969.82788 1652.4425 223580.53 0.0000000 7293.8872 263515.84 
2016 07 242.34964 761.39429 24912.213 8474.9395 361.48520 26515.928 535.35870 248.78940 105.18275 4111.7871 2537.6948 281853.06 82.428932 20581.260 371323.88 
2016 08 1559.4952 730.48346 62517.406 12173.723 953.72845 20359.516 761.39429 112.91046 117.63295 376.29666 3608.8416 330669.44 396.47458 6083.8560 440421.22 
2016 09 630.66718 3891.5471 59697.863 6541.0791 503.80389 7438.3525 484.48462 31.340166 109.26126 20.392574 910.79675 273305.78 390.03482 11136.277 365091.69 
2016 10 74.271904 73607.961 27519.672 631.95514 175.59079 39730.961 220.88377 16.743376 97.240379 36.921291 783.71881 121562.71 1527.2965 4932.6416 270918.56 
2016 11 17.387352 173324.86 9056.2344 272.18719 144.25063 66042.531 181.81590 103.03616 199.20325 30.266872 749.37341 20956.912 1524.2913 396.25992 272998.62 
2016 12 58.387157 369671.44 13539.810 75.559853 39.282536 16817.004 37.135948 253.72655 398.83582 24.256430 376.51132 4762.8467 3096.0220 0.0000000 409150.81 
2017 01 38.853222 186498.45 19378.098 105.82673 106.68536 680.03870 144.03596 1095.4032 3516.3237 6.6544189 1087.0315 3659.2864 6224.4575 0.0000000 222541.16 
2017 02 335.08218 97680.000 4726.9985 965.96405 112.69580 3017.4570 80.282341 1396.5693 31880.463 0.0000000 1080.1624 5154.1694 9556.1748 44.863663 156030.88 
2017 03 324.99323 32947.746 3307.0315 2877.2849 122.78476 4107.7085 35.633339 3597.8940 29704.252 18.675304 6414.0010 9391.1025 5488.6074 6449.4199 104787.13 
2017 04 204.56972 19897.570 1126.9580 3379.8008 70.622704 10301.684 128.36589 7347.9810 14665.480 28.549603 1858.5148 10632.473 3636.9619 12955.724 86235.258 
2017 05 52.376717 4015.4050 2014.5717 1326.5906 71.481339 42914.992 352.25488 5115.5308 736.49390 76.418488 695.27942 91537.539 149.40244 1399.5745 150457.91 
2017 06 725.97565 1875.0435 4433.3457 18996.006 221.74242 34510.676 223.03036 2991.2686 42.073101 1073.0787 1732.5101 199085.19 32.413460 6399.4043 272341.75 
2017 07 1572.5894 775.13245 47540.887 62350.832 494.35892 18404.836 776.20575 140.60143 27.046993 9237.8359 7052.1816 244013.89 166.14581 11083.471 403636.00 
2017 08 2678.7256 48.512859 43205.641 37175.445 973.26239 30122.193 953.94312 40.141171 27.690969 15579.497 4919.1182 325209.62 659.86078 12064.461 473658.09 
2017 09 418.58441 1662.5314 111493.93 27555.947 982.06342 87234.922 171.94160 191.69019 49.586151 3244.7805 4065.6353 343154.62 590.52600 833.94891 581650.75 
2017 10 3510.0986 72273.430 45665.414 3536.2871 229.25546 72647.797 75.989166 46.151615 77.706436 100.88958 1102.0576 130694.07 1671.5471 1416.7472 333047.44 
2017 11 39.067879 146003.75 11145.937 294.51169 123.85805 107083.55 50.874104 135.87894 144.46529 73.627922 804.54071 16804.125 4532.3032 221.52776 287458.00 
2017 12 11.162251 339306.03 7397.3525 107.54399 50.015472 71191.766 163.35526 384.23901 2509.1453 46.795589 1831.4678 5100.9341 7612.2256 53.450008 435765.47 
2018 01 0.0000000 192052.97 9481.0439 236.33920 170.43900 10953.817 87.795395 381.66312 11270.868 0.0000000 1138.5496 4290.3828 6387.8130 131.15645 236582.84 
2018 02 0.0000000 100257.19 5535.6177 650.41577 284.42273 3156.1265 32.198799 859.92267 17278.307 0.0000000 900.92242 5414.9795 25780.721 10.947592 160161.77 
2018 03 1105.7068 36358.457 3931.4736 6811.7637 225.39162 8882.7900 307.17657 3615.2815 29814.371 0.0000000 2608.7468 19835.320 12585.223 15031.688 141113.39 
2018 04 76.847801 13002.520 3079.7080 6454.7861 142.74802 57007.332 39.711853 6250.6460 6787.7217 1102.0576 4938.8667 7241.7251 3225.2466 24514.020 133863.94 
2018 05 18.031328 7183.7671 3020.6768 1548.7623 127.50725 64804.164 195.76871 4344.4771 1682.9240 439.19165 1056.5500 31532.285 216.80527 16654.508 132825.42 
2018 06 35.848000 1103.3456 4937.5786 4320.4351 121.06749 27277.107 87.366081 1599.8511 99.386963 1440.3597 1772.2220 168899.67 24.041771 6467.2363 218185.52 
2018 07 305.45929 1101.1990 10861.514 14522.732 565.84027 24474.309 416.22318 386.60028 65.470894 3770.2649 7085.6680 258503.56 181.38658 18894.256 341134.50 
2018 08 417.51111 1046.2465 33199.109 8290.9766 1905.0957 23138.701 405.06091 107.97331 75.989166 11260.350 7463.6821 347660.97 337.22876 10595.767 445904.66 
2018 09 100.88958 7715.9058 43690.340 5252.0537 3157.6292 40035.129 289.78922 65.256233 58.387157 329.28641 1956.3990 334164.53 469.24387 2863.7612 440148.59 
2018 10 110.33456 52738.414 10888.990 4106.6353 4368.5186 111420.09 114.41307 12.450203 40.355831 182.45987 770.83929 87966.477 1358.7894 528.06030 274606.84 
2018 11 59.889771 209845.59 3034.8442 424.59485 651.05975 98036.336 57.528522 125.36066 421.58963 48.083542 1510.5531 25770.203 2676.7937 341.30728 343003.75 
2018 12 1.7172694 307442.31 3054.5930 44.005028 63.324306 51356.016 243.85225 171.51228 8119.8936 0.0000000 149.61710 6085.3589 7956.7529 104.10946 384793.06 
2019 01 29.837555 205624.33 5541.6284 200.49120 135.44962 36046.129 10.947592 558.75653 14023.651 0.0000000 409.13943 2864.8347 10375.742 464.52136 276285.47 
2019 02 631.95514 91193.875 6214.7979 2316.3816 464.30670 17393.793 50.230129 900.06378 14228.865 0.0000000 367.06635 3506.2349 16009.458 4880.0503 158157.08 
2019 03 501.65732 34683.047 2886.3005 9587.0859 689.26898 13017.117 17.387352 4207.3101 24503.717 120.20886 2557.6582 16045.521 17658.896 5152.6670 131627.84 
2019 04 543.94507 13168.236 1366.7318 8042.6167 160.56470 10624.316 617.35834 7663.5293 14518.225 25.329723 3417.1514 14574.251 6795.6641 17333.045 98850.961 
2019 05 50.444790 7780.7329 2508.9307 3485.6274 93.805840 20279.449 1925.9176 9286.7783 4831.5376 3688.9092 460.44284 70164.836 426.09747 4527.1514 129510.66 
2019 06 139.95744 1780.5938 6332.0015 6967.1763 200.92052 23662.039 2910.5569 1121.3770 493.07098 4392.5605 908.00616 238860.80 0.64397603 6348.9595 294118.66 
2019 07 261.88358 683.47321 16873.244 37337.301 617.14368 26939.662 2546.4958 233.76329 195.12473 9176.2285 1259.4023 330222.75 186.75304 30819.404 457352.62 
2019 08 259.30768 49.156837 74242.492 19380.244 2464.7109 20019.281 2030.4564 239.12976 148.11449 1306.4127 1483.0768 321907.50 635.38965 18856.691 463021.97 
2019 09 261.88358 1170.3191 102342.39 8550.9277 10725.206 21244.770 2228.3716 114.62773 18.675304 553.39008 898.56122 246858.77 1152.2878 1763.8503 397884.03 
2019 10 90.156639 24491.053 33057.008 4767.1396 5306.3623 39271.375 1421.4697 357.62134 114.62773 86.292786 674.45752 77376.078 1337.1089 592.88727 188943.64 
2019 11 84.575516 113244.90 14142.787 582.15430 2024.4459 48957.633 660.93402 195.12473 316.83621 24.685747 1300.1876 12688.903 2440.0251 125.36066 196788.55 
2019 12 5.3664670 224695.91 4502.8950 636.24829 327.78378 81298.539 604.47882 262.09824 6351.3208 13.523496 288.28659 1970.7812 3955.3008 0.0000000 324912.53 
2020 01 41.858440 261364.55 4697.1611 462.37479 160.99400 28325.930 89.083351 529.99225 18164.846 4.9371495 610.27460 5053.0649 11805.368 0.0000000 331310.41 
2020 02 91.229935 167022.48 6645.4033 1373.1715 252.65326 5304.2158 552.74609 965.53473 15649.047 7.5130534 1020.7020 3844.9661 18798.520 11.376910 221539.56 
2020 03 248.57474 48981.891 12351.675 8959.2090 456.14969 2020.3674 95.308449 2789.9187 38380.539 0.0000000 2731.5315 8558.8701 24533.984 9470.5264 159578.55 
2020 04 505.73584 22528.213 6815.1982 5963.8618 341.30728 6053.8037 319.84143 13887.128 15443.618 2.7905626 4335.8906 12068.540 9911.6494 15199.981 113377.56 
2020 05 16.099400 6163.2798 6707.0103 776.63507 62.465675 18932.467 1169.2458 6828.9365 896.62927 38.423901 489.63644 74871.016 2372.6223 1591.6941 120916.16 
2020 06 30.052214 2036.2522 7513.9121 12178.016 113.55444 15683.177 2317.0256 938.05841 38.209244 704.93909 2889.3057 178994.20 99.601624 7186.3428 230722.66 
2020 07 285.92535 1314.7844 21332.564 11869.551 385.31232 25102.828 1417.8206 233.97795 27.046993 90.800621 2009.8491 306663.94 165.28719 26334.756 397234.47 
2020 08 557.89789 1086.6022 63326.883 5480.2358 368.35428 9953.5078 1266.7008 162.71127 34.774704 212.94141 8677.7910 258709.42 399.26514 14122.823 364359.91 
2020 09 465.80933 2789.9187 117397.69 4332.8853 675.96014 10133.177 968.75458 159.70605 106.25604 293.86771 16298.604 330127.66 388.31754 7945.5908 492084.19 
2020 10 15.884742 69737.883 71732.484 4230.2783 518.40070 14514.361 470.10248 152.62231 95.523109 18.889963 1718.9866 97870.828 1322.9414 689.48364 263088.66 
2020 11 0.85863471 141463.50 12974.614 445.20209 121.28215 27586.002 124.93135 69.549408 210.36549 256.30246 1446.5848 19317.562 349.46432 930.97467 205297.19 
2020 12 0.21465866 252445.05 4899.5840 519.25934 1.2879519 5257.6348 283.77875 387.02960 1087.4608 72.125313 239.77374 2478.8784 3290.0735 114.62773 271076.78 
2021 01 8.3716879 242790.98 2178.1416 590.52600 36.921291 1246.0936 68.046799 440.47961 11480.804 0.0000000 839.74475 1934.5040 7468.4043 0.0000000 269083.03 
2021 02 99.386963 131615.59 3150.5454 546.95032 199.84721 886.75494 43.146393 657.49951 24072.896 4.9371495 1849.7137 6157.6987 10455.380 0.64397603 179741.00 
2021 03 97.455040 48179.926 4217.3989 3094.5193 190.61690 1051.6128 105.82673 2511.5066 45894.023 40.141171 2893.5989 5263.6455 6363.1270 3374.2197 123277.62 
2021 04 18.460646 17104.861 2113.9585 8989.0469 157.98878 11072.738 98.099014 5642.9473 10829.530 199.20325 1986.2367 11732.814 1073.5081 12157.838 83177.227 
2021 05 94.020500 7040.8042 4927.9189 1374.2448 95.737770 36709.211 352.89886 4269.5610 596.96576 1443.3649 929.25739 65526.707 135.66428 5447.8223 128944.18 
2021 06 31.984142 3632.8833 7324.1538 13525.214 140.17210 14346.927 573.56799 1196.0781 265.10345 956.30438 3318.8376 188698.94 0.0000000 5856.5327 239866.69 
2021 07 311.89905 1246.0936 23028.367 14710.773 359.12396 18614.984 1230.6382 65.685555 104.53877 25220.678 6728.9053 299610.06 64.397598 40700.570 431996.72 
2021 08 2638.5845 353.75748 68068.477 11580.621 501.65732 23960.631 2206.9058 38.209244 183.10385 8281.1025 8509.4990 322447.16 162.71127 37295.871 486228.31 
2021 09 147.68517 3615.2815 77810.336 5012.9238 438.33301 19742.158 264.67413 52.376717 7.5130534 234.62193 3147.1108 317235.25 768.69269 5731.8159 434208.78 
2021 10 10.947592 61015.867 33680.805 3127.3623 101.31889 59613.074 78.779732 105.61207 57.957840 521.40588 733.27405 125720.43 1295.8944 1579.2439 287641.97 
2021 11 9.2303228 141689.11 3864.0708 271.97253 60.748405 44493.160 117.84761 115.05705 143.82130 0.85863471 438.97699 47844.629 3424.8792 19.533939 242493.89 
2021 12 2.7905626 251329.45 6779.3501 95.952423 52.806034 30101.586 13.952814 169.79501 934.40918 0.0000000 390.67877 9005.7900 6548.1626 0.0000000 305424.72 
2022 01 91.229935 247357.41 21508.584 87.580734 128.36589 10829.959 291.29181 492.21234 5948.4067 0.0000000 725.11700 4673.7632 17288.824 2.5759041 309425.31 
2022 02 69.764069 111675.10 13750.605 284.85205 46.795589 4357.3564 18.889963 1174.3976 14065.939 0.0000000 2016.0742 5284.4673 12719.600 217.44923 165681.30 
