YEAR MONTH EURO NHAFR SHSA CEAS EQAS AUST MIDE CEAM SEAS BONA TENA SHAFR NHSA BOAS GLOBAL 
2001 12 270.68460 421642.66 7634.7651 165.71649 176.66409 85738.109 55.167278 478.47418 1272.2819 0.0000000 268.96732 5206.3315 2678.5110 25.973700 525614.31 
2002 01 155.62753 320700.06 13052.106 413.43259 422.87759 44826.098 393.89865 675.74548 25009.453 0.0000000 697.42603 6118.8452 8066.4434 0.0000000 420532.00 
2002 02 163.99924 154315.55 7044.2388 1628.4008 469.24387 13622.239 31.769484 1072.4347 12124.780 0.0000000 416.86713 3897.9868 13905.159 85.863472 208778.53 
2002 03 224.53297 55423.797 5246.2578 11167.832 539.00793 10317.569 154.76891 2970.8760 14970.081 0.0000000 600.18567 9400.7617 3810.1914 5155.0278 119980.89 
2002 04 74.701218 25576.795 2576.5481 3472.9626 189.11429 39411.762 349.89365 6680.6074 8357.0918 98.099014 414.93521 24768.391 272.61652 9389.1699 121632.69 
2002 05 9.4449816 9973.4717 3887.0393 2712.4270 94.020500 46554.527 524.62579 8616.1846 6030.4062 1662.1021 1248.6696 134477.86 0.0000000 12957.871 228748.66 
2002 06 334.86752 2497.5537 9808.3984 12090.435 204.56972 27647.822 2573.9722 1121.8062 128.79520 7352.4888 4612.3711 171781.25 32.413460 4507.6177 244694.36 
2002 07 2257.5652 1964.5562 25337.881 47448.797 1573.6627 33325.543 1875.6875 763.11157 401.84103 16784.807 4655.0879 317394.31 330.14505 17137.703 471250.69 
2002 08 1986.8807 1129.9633 100852.23 139933.20 6928.3232 56452.012 1883.8445 159.06207 480.83542 4020.3423 2824.2642 335115.66 897.48792 29107.287 681771.38 
2002 09 797.88629 8124.4014 98095.367 106110.93 12333.858 69776.945 1761.4891 127.72191 2753.8562 162.06731 1832.3264 257260.05 1679.9188 18672.514 579489.31 
2002 10 409.35410 69280.875 62907.871 18160.123 8397.2324 191353.81 775.77643 37.779926 7894.7168 272.61652 707.08569 133375.38 2101.7231 3989.6460 499664.00 
2002 11 51.088764 216400.41 23098.133 3009.2998 1022.2046 162231.30 485.98724 457.43762 1649.8666 201.34982 857.77606 27235.248 3183.3882 116.34500 439999.84 
2002 12 0.0000000 524782.94 7758.1938 171.29762 409.99805 74444.055 237.84181 555.10730 2094.2100 1.0732934 355.47476 4250.4565 8153.8096 0.0000000 623214.44 
2003 01 50.015472 386820.50 9155.4072 1902.9491 402.05569 29131.113 95.737770 903.06903 20695.457 8.3716879 1156.7957 6190.3267 22159.645 0.0000000 478671.44 
2003 02 121.06749 133049.52 8190.9458 1838.3369 434.03983 7263.6201 74.057243 1878.4780 20957.127 0.0000000 708.80292 12172.649 17784.256 83.716881 204556.62 
2003 03 1532.4482 51786.836 4833.8984 12847.966 522.04987 2623.9875 194.05144 12662.500 34238.488 84.575516 2238.4607 11956.917 21981.906 34653.422 192157.52 
2003 04 367.71030 23152.439 4819.7310 20716.494 289.57455 8073.3125 149.83176 7999.4702 18710.078 273.26050 2595.4380 18614.771 4489.5859 25550.607 135802.31 
2003 05 19.748598 9810.7598 7848.9941 23506.197 859.49335 32952.469 380.37518 21278.256 7185.0552 317.69482 413.43259 154788.44 285.71069 66101.562 325748.19 
2003 06 258.44904 679.60938 12000.708 12322.696 1434.7786 22288.439 3225.6758 1355.7842 867.65033 5077.5361 1385.8364 188187.19 26.832335 20836.488 269947.66 
2003 07 1614.0186 671.23767 35894.148 8240.5322 775.77643 16031.568 2594.3647 762.03827 256.73178 3988.3582 4422.3979 317172.38 265.10345 23452.748 416141.38 
2003 08 6318.6929 766.97546 61903.695 18634.949 2399.0254 14026.656 1910.8915 124.71669 285.28137 8909.6230 3509.6692 427096.50 588.37939 16022.982 562498.00 
2003 09 2867.4104 5178.2109 86413.422 39381.066 2965.5095 31676.322 1211.7482 43.575710 2319.1724 1588.6888 2434.6587 248144.34 457.86694 9927.5342 434609.53 
2003 10 776.84973 73673.648 30947.127 47931.992 1646.8613 69860.883 631.52582 101.96287 8553.9336 488.77780 5559.0156 173742.16 1150.3558 5544.6333 420609.72 
2003 11 11.806227 223316.72 18277.113 1373.1715 1021.9899 71079.930 287.42795 236.55386 2463.2083 82.428932 1412.0247 21915.793 1797.1224 122.57010 343397.84 
2003 12 0.0000000 559781.75 9899.1992 1707.3951 257.59042 11768.018 342.38058 753.02264 4839.2651 8.8010054 671.45233 4517.0625 3611.6321 154.33958 598311.88 
2004 01 10.732934 265367.50 6550.7388 683.04388 528.27496 4609.3657 570.34808 1344.1926 30799.441 0.0000000 709.01758 3675.1711 21555.596 41.643784 336445.06 
2004 02 127.29259 188371.14 5627.4917 4398.5708 330.57437 829.01178 155.62753 2185.6545 26624.760 1.7172694 1285.3761 4787.5322 26347.635 12.450203 261084.84 
2004 03 348.82034 76171.633 9636.4570 4139.4780 354.83078 2140.3616 94.449814 3698.1396 78481.141 202.20847 3583.5120 8708.4873 9787.5771 504.23322 197851.33 
2004 04 224.53297 26855.303 3762.1079 12877.159 388.96152 14227.147 193.40746 6179.8086 12544.009 136.73756 1461.6108 12640.820 1286.0201 18819.340 111596.97 
2004 05 54.952621 14420.770 5618.9053 12456.428 430.60529 12514.171 563.04968 3208.5032 10420.605 85.863472 650.41577 143510.48 27.261650 33302.789 237264.81 
2004 06 382.73642 3979.5571 15707.004 87204.656 1020.0580 25522.057 2628.0662 834.59290 630.88184 11924.504 1097.1205 245331.69 45.507637 1038.5187 397346.94 
2004 07 2838.0022 3047.0798 23175.623 23208.467 1164.7380 31233.910 1586.5422 569.48944 154.55424 16921.973 2476.3025 299522.91 160.56470 4475.4185 410535.56 
2004 08 2746.9871 461.51614 65381.383 34700.863 8167.3330 37909.578 1844.3473 218.73718 381.66312 13791.605 1366.9464 354855.69 424.16553 1546.4011 523797.22 
2004 09 2660.2649 7970.7056 134477.00 24711.721 8334.5527 92825.062 1851.6458 104.32411 1225.2717 933.97986 3448.0623 325697.31 808.40454 1199.9420 606248.25 
2004 10 677.89209 127964.47 35763.207 19594.258 11468.354 218685.23 864.64514 140.17210 10433.699 119.77954 1516.5635 128022.22 1442.5063 4560.8530 561253.88 
2004 11 124.93135 263890.22 16318.352 2528.8938 1349.1298 147990.62 227.32353 531.28021 3946.0703 86.078125 705.36841 23815.092 4066.4939 2528.6792 468108.53 
2004 12 17.387352 410841.88 11010.917 1237.5072 118.49159 51472.789 314.26031 1132.9685 15027.395 0.0000000 851.12164 2964.6509 6954.5117 0.0000000 501943.88 
2005 01 120.42352 433607.31 4913.9663 964.89075 897.70258 9323.4844 372.64746 1369.0930 26561.863 14.167472 920.24176 4752.5430 9801.1006 0.0000000 493619.41 
2005 02 32.842777 133817.56 9163.7783 3289.8589 1441.6476 8756.7861 216.59061 3568.4858 34234.195 157.34480 1315.4283 11784.546 8061.2920 26.617676 215866.98 
2005 03 924.53491 51178.707 12281.052 9488.1279 1138.7643 5270.2998 160.13538 10728.855 29200.879 37.779926 2381.8525 5944.1133 17963.066 11847.871 158546.05 
2005 04 46.366272 25613.072 3688.2654 17454.971 435.54245 19008.455 136.52292 13169.954 15952.145 362.77316 3606.9097 42266.723 2066.5190 8043.2603 151851.48 
2005 05 26.188358 10058.261 5670.8530 10075.649 265.74744 38782.168 886.32568 12393.533 12170.073 812.48309 569.27478 125841.07 150.90504 4670.3286 222372.86 
2005 06 322.63199 1438.4279 7663.5293 36152.812 702.79248 16921.758 2686.8826 3068.5457 1371.4543 9245.1348 5176.0645 258867.84 271.54321 867.22107 344756.62 
2005 07 2049.5610 1255.1093 31774.635 85905.109 875.37805 19431.547 1480.0715 856.70276 153.05164 8449.1797 4845.2754 364974.47 468.38522 7751.1099 530269.62 
2005 08 5039.3271 290.86249 100855.23 30438.600 2466.2134 23203.314 1421.8990 106.04138 331.00366 9956.7275 2608.5322 383955.66 637.32159 4623.1040 565933.88 
2005 09 1149.9265 5469.7178 109328.02 33677.586 2939.3213 30312.811 1187.7064 61.607040 2317.8843 445.20209 2487.2500 303054.91 1329.3812 5285.9697 499047.28 
2005 10 740.35779 96237.281 45440.879 38289.742 1347.6271 49380.082 932.90662 78.135757 5782.6899 337.01413 1841.3420 117791.37 1771.5780 22231.340 382202.34 
2005 11 28.334946 388265.38 15454.566 949.22064 107.97331 40750.156 902.42505 348.17636 7125.8091 37.135948 1611.2280 29550.986 3109.1162 577.64648 488818.16 
2005 12 14.596790 478988.28 4575.4497 1384.1191 79.853027 18597.598 225.39162 653.63568 1422.1136 13.738155 935.26782 7991.3130 9727.0430 2.3612454 524610.75 
2006 01 93.161865 293125.66 7373.9546 650.63043 148.11449 4178.5459 70.408043 1060.1992 17306.641 51.088764 1644.2854 2973.4519 9340.6572 0.0000000 338016.78 
2006 02 53.664669 103862.81 6748.4395 1554.7728 148.97311 1207.4550 828.15314 1718.5573 27321.111 0.0000000 2210.5549 5375.4824 10834.253 0.42931733 161864.66 
2006 03 1558.4220 67435.664 3152.2627 7184.8403 273.68982 1673.2643 56.455231 4500.9629 33378.566 165.50185 4757.2656 10858.080 9134.5850 964.67609 145094.23 
2006 04 126.00464 26101.422 3096.0220 16891.920 386.81494 6386.3101 180.31328 6700.7852 12466.088 232.69000 3733.5583 13892.495 5240.2476 26662.109 122096.78 
2006 05 87.795395 10122.659 7753.4712 20512.568 232.26068 18173.861 565.62561 8989.2607 4007.6775 273.47516 1120.9476 77973.477 710.52020 30796.436 181320.03 
2006 06 348.17636 2529.3230 7382.3262 82934.664 337.22876 17704.402 1909.6035 805.18469 279.27094 9023.6064 2133.9219 213024.48 115.91568 1332.3864 339860.50 
2006 07 1813.4365 1949.9594 22657.008 40736.422 1248.8842 19008.670 1281.2976 731.77142 235.26590 6886.6797 6915.8730 294982.22 202.85245 15350.886 414001.22 
2006 08 3850.1179 435.97177 73625.352 57132.051 7067.4219 55329.348 2873.8503 33.916069 159.49139 951.36725 6908.1455 377417.38 478.68884 3549.3811 589812.50 
2006 09 770.40997 2455.2659 78425.117 40347.242 8639.1533 86781.133 2094.4248 110.33456 5219.6401 1587.1862 4722.0615 335342.12 845.32587 4096.5459 571436.00 
2006 10 355.68942 76615.977 11155.382 8292.2646 13889.275 86412.781 839.31543 23.612453 8424.4941 110.33456 1584.8250 140061.56 2068.4509 4421.5391 354255.50 
2006 11 331.00366 268621.28 9100.6689 1132.7538 3285.3511 213756.69 1091.3247 328.42776 3245.4246 3.0052214 927.54010 23960.631 2072.1001 587.09149 528443.25 
2006 12 37.565269 483451.69 4274.9277 430.17599 710.94952 66297.328 472.46375 401.84103 3018.9597 12.235544 694.85010 5045.7666 6162.2065 91.444595 571102.38 
2007 01 227.96751 357378.34 3122.8545 1289.2400 384.45367 5134.4209 382.30710 922.60297 35873.113 0.0000000 602.76154 4066.2793 16393.268 38.209244 425815.84 
2007 02 71.481339 181535.34 4587.0410 2388.2925 530.85089 12804.390 226.03558 2011.5664 23706.260 0.0000000 2333.5544 8225.2910 32430.633 1.2879519 270852.03 
2007 03 988.93250 73297.562 4847.4219 18042.920 416.86713 2827.6987 96.596405 2966.1536 64049.641 49.371494 2240.3926 26198.018 9907.5713 3487.7742 209416.92 
2007 04 143.39198 25008.594 2467.9309 2664.3435 309.96713 8290.5469 149.40244 5855.2446 25250.943 172.58557 1261.9783 16082.442 2465.3547 19178.895 109301.62 
2007 05 12.235544 12393.104 6425.3779 20009.623 160.56470 20494.107 534.71472 11880.499 3077.3467 733.27405 2465.1401 121080.16 776.63507 5250.5513 205293.33 
2007 06 654.70892 2564.9565 16426.111 38558.277 475.89828 22857.930 2640.0869 1935.3625 840.38867 5480.0210 848.76038 207457.30 112.48114 2178.3562 303030.62 
2007 07 5140.6460 639.25354 34464.738 31032.346 525.05511 24510.586 1849.7137 1014.4769 245.78418 6973.6162 11677.002 362427.12 406.77817 5029.8818 485937.00 
2007 08 4540.2456 283.56412 125437.94 49095.871 1066.4243 45146.582 2911.8450 106.04138 258.44904 761.17963 8286.4688 366341.00 186.32373 7042.7363 611464.69 
2007 09 1185.5598 8149.9458 206615.41 36522.887 1706.7511 132228.45 2891.4524 17.816669 5605.5967 1118.1570 3985.9968 312559.34 526.77240 5148.5884 718262.75 
2007 10 669.52039 96526.422 62038.074 14576.612 836.52484 120696.56 1281.7269 286.99863 8287.9717 521.19128 3099.2419 101578.42 603.19086 7527.8652 418530.31 
2007 11 170.22433 230091.34 18201.338 3821.1389 128.36589 87018.117 489.63644 313.18701 5124.9756 0.85863471 1248.2402 16979.717 3699.6421 3333.4346 370620.22 
2007 12 2.1465867 467523.16 4606.5752 1078.8745 75.130531 34076.422 119.35022 630.02319 1903.8077 2.7905626 657.28485 5062.7246 3770.9089 375.65268 519884.84 
2008 01 94.664474 343808.50 3119.4199 1341.1874 113.12512 18865.922 218.95184 1389.0563 21044.277 0.0000000 770.40997 3418.8687 12030.116 4.2931733 406218.78 
2008 02 614.78241 161533.44 4690.0771 4889.7100 187.18236 1764.9236 988.50317 1597.7045 15783.852 34.345387 2152.1677 8657.3984 14348.430 3108.6870 220351.20 
2008 03 77.706436 52982.695 5691.2456 20452.678 110.76387 2590.9302 129.65384 3663.5796 35625.184 55.381935 3316.0471 8536.9756 13907.735 29016.914 176157.48 
2008 04 144.25063 16844.695 6614.7070 24617.057 137.16689 19442.709 55.596596 6150.6147 18367.270 107.75865 5242.8232 16404.645 5103.5098 77748.516 196981.31 
2008 05 58.601818 9262.3066 5916.6372 15237.117 258.87836 38714.336 476.54224 11068.445 5992.8408 433.61053 1445.0822 85161.750 354.40146 21784.422 196164.97 
2008 06 221.31310 2883.0806 13045.022 21451.484 281.63217 14905.684 1392.4908 1449.5900 239.34442 3667.2288 2739.6887 213787.59 119.77954 9219.1611 285403.09 
2008 07 2081.3306 997.94818 18383.154 39351.012 863.78650 19144.334 982.92206 1245.4496 506.59448 6608.2671 4071.2163 301969.81 180.31328 15971.249 412357.38 
2008 08 6627.3716 77.706436 45788.840 81802.984 1400.4332 30913.426 1018.3407 136.52292 339.80469 2476.5171 2154.3145 351458.06 383.38040 1669.4005 526247.12 
2008 09 2071.6709 2565.6003 77867.008 29779.598 820.21082 26525.588 1424.2603 55.381935 1140.6962 230.54341 2077.2520 451620.81 458.72559 3402.7693 600040.12 
2008 10 726.40497 79697.398 45268.508 11754.494 302.88339 84179.258 421.80429 145.10925 6218.8765 1601.5684 2040.9747 131544.12 1506.9039 7534.0903 372942.41 
2008 11 148.32915 281584.94 20093.125 2325.3975 55.167278 53524.926 870.01160 305.67395 7804.1309 1.9319280 1940.2997 21992.211 2572.0403 1001.1680 394219.38 
2008 12 20.177916 422127.12 9968.5342 669.94971 71.910652 6421.5142 1067.0684 743.14832 1817.7296 0.0000000 449.92459 4792.4697 5913.8462 93.805840 454157.22 
2009 01 18.675304 261515.23 7410.8760 1340.9727 444.34344 2432.0828 191.90485 1053.3301 13750.176 0.0000000 1295.2504 3295.0105 6654.6333 181.17192 299583.66 
2009 02 90.371300 106309.71 2932.2375 4061.7715 412.78864 4010.2534 523.98181 1775.4419 54656.820 0.0000000 1888.1377 5772.1719 9050.8682 0.85863471 191485.41 
2009 03 806.90198 51722.867 6253.6509 12714.877 131.37111 2762.8718 46.795589 4583.6064 45655.754 22.324503 2024.0166 7577.4512 7996.0356 4226.1997 146524.72 
2009 04 583.01294 27985.480 7613.2993 30061.230 79.209053 25663.732 41.429123 10821.373 22828.734 265.74744 8663.8389 24745.637 5092.7769 37388.605 201834.09 
2009 05 6.8690777 13843.338 5608.6016 15313.106 354.83078 33310.520 425.45349 6872.7266 4670.7578 219.59583 1761.2744 52063.312 2501.6321 13751.035 150703.05 
2009 06 92.732544 5660.3345 6069.2593 16698.514 751.30536 17529.455 2230.7329 1156.7957 1064.4924 1913.8967 1650.5105 216287.50 274.54843 3129.9380 274510.03 
2009 07 1395.9253 2124.6914 11396.014 38368.734 1559.9246 18579.137 2836.7144 561.76178 341.30728 5808.6636 848.33105 310519.44 423.95087 7787.1724 402551.78 
2009 08 1797.1224 841.67664 29969.570 24511.016 5007.7720 22644.773 3985.7822 451.85651 214.01469 4575.6641 2436.8052 374690.78 860.35199 4449.6597 476436.84 
2009 09 997.73352 3678.8203 39012.496 11642.228 10782.734 35525.152 5946.2598 459.36957 566.91357 434.03983 1649.0079 356887.44 1788.9655 4096.1167 473467.28 
2009 10 537.29065 62583.309 22691.568 10514.196 1761.4891 96832.742 1794.9758 89.298012 6368.0640 159.06207 942.56622 108404.13 2947.9075 933.55060 316560.16 
2009 11 75.559853 245705.41 13720.124 2628.2808 427.81473 103726.50 719.75055 449.49527 12754.589 230.11411 765.68750 19931.486 4682.9937 166.36047 405984.16 
2009 12 0.0000000 416397.91 5591.0000 356.76270 263.60086 46079.059 90.800621 593.10193 2602.5217 0.0000000 240.84703 3086.3623 9606.4053 0.0000000 484908.38 
2010 01 0.0000000 298898.69 4221.2627 713.52545 551.24347 6012.5894 121.49681 931.83331 23974.367 0.0000000 888.68689 3828.8667 19425.537 0.0000000 359568.09 
2010 02 0.0000000 110672.00 5880.5742 5372.0479 704.29510 7864.0205 177.73738 2000.1895 23151.582 188.89963 1321.6534 8959.8525 12408.774 0.0000000 178701.62 
2010 03 865.50378 58104.023 3637.6060 7413.6665 866.79175 3152.2627 157.55946 5294.7710 75899.875 73.627922 2320.4602 9810.7598 8092.4175 1464.4015 177153.72 
2010 04 143.17732 13555.910 6109.4004 12149.252 404.41693 9287.2070 119.99420 3044.7185 22136.676 263.60086 3708.0139 21005.424 1313.4965 21825.205 115066.49 
2010 05 43.575710 7335.3159 6937.3389 2792.4946 106.04138 16543.529 704.50977 4735.3701 7033.7207 1395.0667 472.03442 82982.750 101.96287 3636.7473 134820.45 
2010 06 122.35544 2828.5574 15031.474 67430.727 370.28622 19263.039 2698.2595 1559.7100 213.15607 10260.685 912.72870 208602.94 79.423706 2029.3831 331402.72 
2010 07 779.85498 628.30591 39156.316 42168.406 797.02765 22095.246 2771.4580 706.65637 121.92613 8997.6328 1512.4850 298544.28 104.32411 16170.882 434554.81 
2010 08 3651.7732 717.17462 154517.11 39009.277 788.65594 26555.854 5045.7666 123.64340 214.87334 5133.9917 2881.7927 429395.91 280.77353 15779.130 684095.75 
2010 09 1034.0107 2198.1047 193040.19 28572.143 503.37460 15484.618 3193.2625 47.868885 794.23706 440.05029 3724.7573 391389.09 535.35870 3399.1201 644356.19 
2010 10 824.07465 41293.461 51553.500 8544.2734 364.70508 23458.758 2106.8750 117.41829 8581.1953 315.97757 2654.0398 220244.31 1596.4165 8027.8052 369682.81 
2010 11 144.46529 198603.06 13441.067 5075.6045 23.397795 30242.615 1212.1775 459.58423 8568.7451 1.7172694 799.17426 29215.475 944.06885 724.04370 289455.19 
2010 12 10.947592 428773.62 7851.5703 623.79810 17.172693 5316.6660 525.48444 838.88611 1900.5879 0.0000000 1346.7686 3061.8914 3227.3931 0.0000000 453494.78 
2011 01 11.376910 299497.16 2260.7852 403.12900 306.10327 7043.3804 39.067879 1111.9319 25457.660 0.0000000 552.96075 2790.1333 11405.030 41.429123 350920.12 
2011 02 379.51654 170263.61 1222.4811 5773.0303 355.68942 2495.8364 1248.2402 1961.7656 17311.578 0.0000000 2473.0825 4400.9321 10542.102 162.71127 218590.58 
2011 03 1387.3390 63395.145 3984.9236 5996.0605 208.00426 6547.0894 252.86792 4649.9360 35596.633 44.434345 2282.4658 8820.5391 4073.3630 15826.999 153065.80 
2011 04 207.36028 22106.838 2968.9441 11549.495 252.43860 20987.822 60.104427 15055.730 15863.920 170.43900 11724.013 9862.4932 894.26801 35943.949 147647.81 
2011 05 107.32934 11040.754 4895.5059 4559.1357 209.50687 53520.633 372.86212 14598.292 3175.4458 1964.3416 3729.9092 76303.648 103.89480 10888.776 185470.03 
2011 06 257.80508 4330.7388 8749.7021 25287.436 546.30634 33752.070 1583.5370 4857.5112 586.01819 6488.2729 7072.3594 212975.75 126.64862 5891.9512 312506.12 
2011 07 905.64496 1238.3658 17312.650 15784.281 1336.0356 35069.004 981.63409 564.12299 239.34442 5854.1714 1448.7314 357996.12 328.21310 13591.114 452649.44 
2011 08 2142.0789 248.14543 43870.438 16126.877 3321.4136 90365.938 2666.2754 177.73738 202.85245 522.69385 3793.6626 398863.28 703.22180 5160.6089 568165.25 
2011 09 2007.0586 2006.4146 98566.328 16695.293 3249.9324 278099.97 4851.7153 367.92496 581.93964 714.59869 4093.5410 398517.25 691.63025 6588.0894 817031.69 
2011 10 2154.9585 58687.895 21638.023 10270.773 819.35217 235919.11 2317.4551 147.47050 9196.8359 764.18488 3548.7373 183556.56 883.10577 10333.025 540237.50 
2011 11 707.30029 201694.80 9674.4521 3828.2229 86.722107 70778.758 776.20575 391.75208 11611.746 20.392574 1241.1564 33564.031 1305.5540 419.22839 336100.31 
2011 12 59.460453 443793.50 12687.615 253.29723 12.235544 49095.656 288.50125 733.27405 1961.3363 54.523304 1095.8325 3142.6030 3596.6062 0.0000000 516774.44 
2012 01 45.722298 318470.62 9848.3252 326.28119 163.14059 33866.914 150.69038 545.23303 21008.430 0.0000000 877.09534 10621.096 9162.4912 8.8010054 405094.84 
2012 02 914.87524 151522.83 7164.4478 1633.3378 232.26068 24383.078 66.544189 1240.7271 34975.840 7.5130534 1208.5283 11464.276 8747.3408 87.580734 243649.19 
2012 03 2008.5612 57090.621 6165.6411 9548.0176 180.74260 4720.1294 268.75266 2847.8767 55032.902 525.05511 1237.0779 9572.7031 5419.2729 10548.327 165165.69 
2012 04 28.978922 23220.273 2409.5437 30061.016 112.48114 41320.293 45.936954 5716.3604 16582.812 239.55908 804.75537 23423.125 190.40224 26016.631 170172.16 
2012 05 59.031136 4427.1206 4046.9600 19944.367 53.664669 53528.789 273.47516 6275.7607 8436.3008 839.31543 1765.5676 114243.06 180.74260 10019.623 224093.78 
2012 06 536.21735 1374.0302 10841.766 39786.555 563.90833 44776.727 1552.6262 1943.0903 1003.5293 3008.0120 4081.5200 267712.22 196.41269 21020.021 398396.62 
2012 07 2773.1753 478.25952 20267.643 24067.744 791.01721 36133.711 923.03229 662.65131 433.82516 8747.3408 7560.2783 308792.50 287.21329 40428.602 452347.00 
2012 08 2875.5676 564.98163 75361.297 14806.941 2252.1987 64580.703 2818.2537 78.135757 864.43048 1963.0536 11938.027 362110.72 386.60028 16981.434 557582.31 
2012 09 3893.9082 4066.0647 117609.55 10057.403 4118.2266 131152.38 986.35663 29.408237 642.47339 1526.8671 3713.1658 324173.66 1326.8053 2131.7754 605428.06 
2012 10 1892.6455 63554.637 44330.879 6684.6855 1957.0431 243052.22 1054.8326 157.98878 8646.2363 126.64862 1624.3221 111508.96 1746.0336 579.57843 486916.72 
2012 11 34.774704 175306.16 10362.003 1368.4490 551.88745 167306.69 148.75845 563.47900 11694.390 1.2879519 798.53027 19616.582 3859.9922 6.8690777 391619.84 
2012 12 0.0000000 372467.78 5366.6816 136.95222 481.05008 57529.168 78.350418 673.81360 6106.3950 0.0000000 425.23883 3935.9814 5867.9097 2.5759041 453071.91 
2013 01 0.0000000 334281.09 7486.8652 886.54034 205.21368 29644.148 293.86771 925.39355 18615.414 0.0000000 1225.4865 2869.5571 13929.845 0.0000000 410363.41 
2013 02 45.722298 127776.86 7182.0498 1904.4517 266.60608 5830.5591 286.99863 2106.0161 26638.496 0.0000000 891.26282 6725.6855 11346.643 0.0000000 191001.34 
2013 03 53.664669 47100.191 4336.9639 3725.8306 209.50687 4045.4573 132.44440 6385.6660 29616.242 26.617676 2461.7058 7571.8701 9777.7021 170.86830 115614.73 
2013 04 451.21252 25687.131 2304.1462 7257.6099 170.22433 20821.463 147.47050 7933.7847 29479.506 163.14059 364.27576 21186.596 3019.6035 20970.650 139956.81 
2013 05 18.889963 9966.6025 3388.1726 15973.396 87.366081 13783.233 1234.7167 9529.3428 11455.260 642.25873 747.44153 123280.41 112.48114 2073.8174 192293.39 
2013 06 197.70064 3727.7625 4017.1223 12945.206 1909.3889 18066.531 1436.2812 1381.3286 183.10385 10337.318 2033.8909 250403.42 126.21930 3416.0781 310181.34 
2013 07 864.00116 1743.4576 18780.273 5662.2666 696.56738 20750.840 917.88049 590.52600 264.24484 23002.395 1914.1115 287719.91 297.51691 12631.590 375835.56 
2013 08 2152.5972 959.95355 33168.844 7498.0273 1554.1288 25417.305 1647.2906 105.18275 314.26031 5911.6997 5368.1841 382050.78 298.80487 17547.701 483994.78 
2013 09 1228.9209 2509.1453 55753.512 7014.8306 1884.2738 32134.617 2325.8267 83.716881 377.58459 1026.4978 1640.6362 299988.28 636.67761 555.75128 407160.28 
2013 10 1576.8826 62183.828 17986.895 9838.0215 1381.3286 61256.930 2196.8169 32.198799 9349.0293 186.96770 881.60315 93766.344 1205.7378 553.60474 262396.19 
2013 11 66.973503 190977.53 8031.2397 3628.1609 44.434345 40130.438 804.97003 337.22876 11363.386 11.591568 717.60394 22996.385 2528.8938 53.235352 281692.06 
2013 12 47.224907 358639.25 6126.7876 849.83368 29.408237 13505.250 675.96014 643.54669 2054.9275 0.0000000 557.25391 2482.9568 3660.1450 0.0000000 389272.56 
2014 01 0.0000000 280518.09 10607.788 1744.1017 548.02356 14145.148 213.80003 857.77606 12766.825 5.5811257 938.05841 2095.0686 14629.203 1.9319280 339071.41 
2014 02 324.56390 136333.59 6767.1147 6141.3848 1776.5153 3483.9102 186.32373 946.43011 24040.697 0.0000000 819.56683 7177.7568 15716.020 536.00269 204249.88 
2014 03 923.03229 42947.617 3782.0710 12040.420 2088.1997 6145.0337 49.156837 3060.1741 47338.246 0.0000000 2499.2710 5471.8643 12448.915 44696.656 183490.66 
2014 04 45.722298 21866.420 2060.5085 24954.930 198.98859 13029.137 279.91492 6262.2373 26057.201 160.35004 6114.9814 8840.5029 3853.1233 33702.484 147426.50 
2014 05 25.544382 6726.3296 2889.0911 8105.7261 157.55946 25084.154 741.43103 2306.0781 3928.2537 610.05994 1127.6021 81845.484 1262.4077 10179.329 144989.05 
2014 06 250.07735 2606.8149 5863.8311 18959.299 600.61499 36974.957 2107.9482 982.06342 1714.9081 2174.0630 789.29993 203892.47 203.92574 3269.0369 280389.31 
2014 07 618.00232 1020.9166 11873.630 24860.908 1058.9113 25019.543 946.21545 318.98279 377.36996 16421.604 4306.6968 304886.38 431.03461 23476.146 415616.34 
2014 08 1717.0547 189.11429 45446.031 42128.266 1874.8289 47611.723 1687.6465 68.046799 595.67780 11741.400 2348.7952 331733.31 447.99265 8713.8545 496303.72 
2014 09 709.87622 1407.0876 51573.465 22885.189 7721.4873 70743.344 1838.7662 34.130730 491.56836 663.50995 1709.7563 293722.41 1049.8956 2540.4854 457090.97 
2014 10 1066.6389 50733.289 48866.617 25608.564 9469.0234 125138.28 1332.6010 77.491783 7233.9971 424.38019 1405.7996 144327.05 2205.8325 1925.7029 419815.25 
2014 11 144.03596 166765.75 8353.0127 9666.7236 1247.1669 84939.797 568.63080 598.68304 16953.098 0.64397603 946.43011 20617.752 2151.7385 157.77412 313111.22 
2014 12 11.591568 363047.69 6100.1699 431.46393 126.21930 18488.766 384.23901 796.81299 3106.9695 8.3716879 639.25354 2964.6509 4932.8564 0.0000000 401039.06 
2015 01 7.0837364 284295.03 7731.7905 745.08026 257.80508 7057.3330 367.92496 913.58728 21830.357 0.0000000 728.33685 4335.0317 8269.5107 6.8690777 336545.72 
2015 02 273.04584 131047.62 3836.1650 2789.7041 307.39120 6353.2529 365.56372 1570.8722 23027.080 0.0000000 1110.0000 8193.3066 7507.2578 206.07233 186587.33 
2015 03 214.22935 43325.203 5348.4355 11990.619 667.80310 11963.142 247.93077 3005.8655 51389.930 111.62251 2367.2559 11271.727 11467.496 15502.220 168873.48 
2015 04 131.80042 31725.264 3645.1189 29774.016 252.86792 45982.465 397.54785 5583.4868 13459.099 199.84721 1037.8748 16285.509 4611.0830 12960.017 166046.00 
2015 05 73.413269 4976.2173 2774.8926 4542.3921 126.43396 52648.047 1369.3077 5170.9126 4497.0991 1745.1750 507.88242 71921.820 1538.6733 6412.0693 158304.33 
2015 06 394.97195 1728.2170 6218.6616 18789.287 451.42719 22278.994 3227.8225 573.35333 759.03308 18630.012 985.49799 196378.98 269.61130 3140.2417 273826.12 
2015 07 1613.8040 1439.5011 12609.050 22927.693 2086.0530 22419.381 2793.1387 519.47400 678.10675 19815.570 995.80157 342076.62 208.00426 13180.042 443362.25 
2015 08 1547.9037 2154.0999 39413.906 46187.891 4388.9111 29613.236 2708.5630 272.18719 1119.8743 1864.5251 10295.245 371846.78 459.15491 10308.124 522180.41 
2015 09 271.97253 8464.6357 81216.750 27138.438 11904.326 39110.164 3244.7805 74.271904 606.19611 183.31851 5663.9839 291340.12 1520.2126 3472.1040 474211.28 
2015 10 142.74802 45191.016 60871.617 21311.957 11652.961 85082.969 2812.4580 121.49681 4010.6826 196.62733 3528.7739 107966.87 2471.7947 3489.2766 348851.25 
2015 11 143.60664 212110.03 20667.121 8619.8340 1949.5302 87256.172 907.14752 315.11893 21308.521 24.041771 738.21118 35707.609 3119.6345 1641.0656 394507.66 
2015 12 142.31870 350256.19 16449.938 142.31870 1214.1094 14548.921 154.12492 707.72961 7670.3984 8.1570292 412.14465 4068.8550 3949.9341 0.21465866 399725.38 
2016 01 21.251209 402902.53 6649.2671 472.67841 715.24268 7656.6602 747.22687 1254.0360 17481.588 0.0000000 357.40668 4535.5229 18110.537 1.9319280 460905.88 
2016 02 22.109842 113299.64 4925.9873 2917.2114 528.48962 2558.0874 211.86810 2023.5873 25935.061 0.42931733 2086.9116 3981.9185 13995.960 0.0000000 172487.27 
2016 03 145.32391 27804.738 4509.1201 4020.3423 711.80817 4689.2188 123.64340 2205.8325 27976.895 200.49120 5053.9238 5280.3887 12608.192 4989.9556 100319.87 
2016 04 28.120287 18913.789 4020.7715 10977.430 653.42102 22890.771 273.26050 7733.7227 35899.516 337.01413 5315.3779 17946.109 1682.7094 8170.7676 134842.78 
2016 05 11.591568 6726.3296 3903.1387 7540.5298 118.49159 13517.486 1014.9062 8411.4004 9582.7920 4393.4189 602.97620 96470.828 7.0837364 16265.546 168566.52 
2016 06 377.58459 3443.9836 8802.9375 3457.5071 183.10385 16521.420 2582.7732 1252.3187 610.27460 976.05298 1855.5096 225712.73 0.0000000 7361.9336 273138.12 
2016 07 1448.7314 889.11621 27347.086 15225.310 420.73099 26522.367 1429.8414 879.45660 514.75153 4129.3887 2868.6985 284672.81 83.502220 20668.840 387100.62 
2016 08 2878.3582 883.74976 65882.180 21932.320 1037.0160 20362.092 1882.7712 141.46005 637.32159 504.01855 4110.0698 333460.44 414.07657 6485.0532 460610.94 
2016 09 1425.5482 4446.2251 63407.168 11887.797 530.63623 7469.2632 3495.0725 51.303425 1128.0312 85.004837 3387.0991 276183.94 444.77277 11901.321 385843.16 
2016 10 356.97736 98501.070 30091.281 3550.6692 192.11951 39792.566 1330.4543 64.182945 7026.8516 58.816475 1588.0449 123247.99 1617.0238 4974.5000 312392.56 
2016 11 34.560047 227561.59 10865.807 1038.7333 151.97833 66139.125 2110.5242 514.75153 19046.020 158.84743 1340.3287 21438.176 1571.7308 405.06091 352377.25 
2016 12 149.40244 413505.81 14451.466 170.00967 64.182945 16933.564 276.69504 783.07483 1141.7695 24.256430 504.87720 4905.8091 3225.2466 0.0000000 456136.16 
2017 01 40.785149 211792.98 20691.594 463.44806 155.62753 722.97040 380.16052 2004.4827 6058.5264 6.6544189 1303.6221 3805.6836 6347.8862 0.0000000 253774.42 
2017 02 370.71552 112071.36 6324.4883 2192.3091 183.74782 3177.8069 187.82634 2159.4663 35818.375 0.0000000 1213.8948 5287.0430 9708.7969 46.366272 178742.20 
2017 03 466.88260 39023.871 4862.8774 19019.617 159.06207 8288.6152 41.429123 4569.4390 35121.809 21.036551 6663.6494 9845.3203 5596.7954 6772.0518 140452.45 
2017 04 226.89423 22655.936 1678.4163 26922.275 97.884354 14306.357 233.54865 8252.5527 25353.766 42.931732 2125.1208 11008.770 3720.8933 15180.876 131806.22 
2017 05 74.271904 4946.5942 2974.7400 4660.2397 87.795395 45228.582 1059.5552 5712.0674 8323.6045 1226.9890 975.40900 92579.922 159.70605 2027.0219 170036.50 
2017 06 936.98511 2370.4756 5844.0825 23163.174 262.74222 34756.031 2000.8335 3073.0537 296.01431 1127.1727 1872.2529 200793.44 32.413460 6622.0054 283150.66 
2017 07 2139.7175 957.37769 50634.547 72611.945 563.47900 18417.285 1661.6729 386.17096 121.49681 9241.7002 7356.3525 246091.14 172.15627 11185.219 421540.25 
2017 08 3702.6475 54.737961 46742.355 47556.555 1063.2043 30139.580 1583.5370 45.078320 430.39062 15637.670 5145.3682 328269.34 691.41559 12203.775 493265.66 
2017 09 1199.7273 2484.6741 115057.26 35687.863 1037.4454 87247.586 930.11603 205.85767 707.51495 3370.9998 5465.4243 345972.25 642.04407 925.17889 600933.94 
2017 10 4378.8223 108451.14 47997.035 8716.6445 269.18198 72807.500 915.51923 75.345192 9281.8408 261.02496 2053.4248 132806.53 1732.5101 1548.7623 391295.28 
2017 11 43.790367 189930.84 12506.658 2285.2561 123.85805 107111.46 1422.5430 473.96634 9019.5283 73.627922 1406.0143 17263.064 4647.3604 249.21872 346557.19 
2017 12 11.162251 377439.72 8263.7148 201.13518 80.497002 71212.156 556.39526 1024.5658 4093.9702 47.654224 2182.6494 5301.4253 7690.1470 54.093987 478159.28 
2018 01 0.0000000 220304.62 10232.135 457.22296 263.60086 11024.225 410.42737 952.44055 13405.863 0.0000000 1420.3964 4373.2412 6473.6763 149.83176 269467.69 
2018 02 0.0000000 111062.04 8458.1953 947.07404 324.34924 3179.5244 86.078125 1531.3750 21304.016 0.0000000 1091.9688 5517.1572 25982.930 10.947592 179495.66 
2018 03 1560.9979 43501.008 5423.5659 12719.385 255.01450 9693.1270 392.82538 4393.8486 39487.750 0.0000000 3064.2524 20758.139 12830.793 15478.608 169559.31 
2018 04 78.350418 15719.455 3844.7515 15062.814 197.27132 59113.133 182.45987 6868.0044 16998.820 1218.4026 6027.8301 7445.4360 3263.8850 25950.516 161971.12 
2018 05 19.963257 8621.1221 4077.0122 4277.9326 172.58557 65584.445 620.36359 5001.1177 7264.4790 552.53143 1183.1986 32074.084 224.74763 17226.572 146900.16 
2018 06 114.84239 1568.0815 6432.4619 5814.6743 159.06207 27311.238 1105.9215 1802.2742 193.19279 1442.5063 1882.7712 170927.12 24.041771 6564.9062 225343.09 
2018 07 407.42215 1291.1719 12338.795 17359.660 692.27423 24491.053 751.30536 463.44806 80.711662 3779.4951 7455.9541 261236.17 184.82112 19101.188 349633.47 
2018 08 775.13245 1142.6281 35875.047 11876.850 1987.0953 23148.576 860.13733 147.89983 354.61612 11303.926 7762.0576 351428.66 348.60568 10717.049 457728.28 
2018 09 549.09686 8149.7310 46550.879 9821.7070 3233.1890 40050.371 1037.4454 87.151421 323.06131 354.18680 3130.7966 337714.97 559.18585 3345.6702 454907.44 
2018 10 1093.6859 66876.695 12453.638 7189.5630 4456.5288 111440.05 982.49274 32.198799 6635.5288 224.53297 1308.5593 89009.289 1519.7834 853.91217 304076.47 
2018 11 204.99902 257414.59 3725.6160 1522.7886 666.30054 98048.141 237.62715 553.17542 18811.398 48.083542 1776.5153 26286.027 2959.4990 434.89847 412689.66 
2018 12 4.2931733 342930.97 4002.5256 102.82150 85.004837 51370.395 254.37053 663.08063 10046.241 0.0000000 306.10327 6213.9390 8127.4067 142.31870 424249.47 
2019 01 46.151615 239400.88 8716.8594 893.19470 187.39702 36059.008 118.27693 1372.7422 17805.078 0.0000000 543.94507 3135.5193 10453.233 503.80389 319236.09 
2019 02 698.07001 104167.41 8511.2168 15880.449 503.37460 17475.793 148.11449 1507.1185 18868.713 0.0000000 465.38000 3636.9619 16233.133 5534.1152 193629.84 
2019 03 673.38428 41583.035 4356.4976 18232.465 782.00153 13966.552 102.60685 4956.6836 30280.826 121.06749 3425.3083 16465.393 17916.914 5678.1514 158540.88 
2019 04 768.26337 16631.969 1961.7656 12783.997 204.14040 13386.973 892.33612 8397.2324 27059.229 62.894993 3697.4956 15135.583 6965.4595 20969.146 128916.49 
2019 05 74.486557 9206.2812 3374.0049 5937.4590 116.34500 20960.131 3085.7185 9913.7959 8878.9268 3750.5164 761.39429 71440.984 437.90369 6086.4321 144024.38 
2019 06 256.73178 2421.9939 7274.1382 9701.4990 274.97775 23694.238 6944.2080 1203.3765 1030.5763 4392.5605 1217.7585 241905.30 0.64397603 6427.5244 306745.53 
2019 07 574.21198 838.45679 18598.887 42138.785 737.78186 26945.674 5417.1265 837.38348 924.32025 9192.5430 1597.4897 333378.66 198.55927 30949.918 472329.78 
2019 08 683.04388 69.978729 76776.320 23670.197 2576.1187 20037.957 4148.7080 250.72133 362.55850 1348.2711 1967.5614 324284.00 680.25336 19106.768 475962.47 
2019 09 2380.1355 1386.6949 107291.77 11907.117 10906.807 21260.010 4915.4688 130.94179 535.78802 565.62561 3711.2339 248682.94 1262.1930 2221.2878 417158.00 
2019 10 1578.3853 31336.732 35113.008 15237.331 5515.4399 39286.402 3010.1587 395.61594 9616.9229 113.55444 1286.4493 78536.523 1409.4489 1879.3367 224315.31 
2019 11 127.93657 154465.16 15267.169 1269.4915 2105.8015 49038.773 2197.6755 665.01257 15863.705 24.685747 2419.8472 12881.882 2758.3640 144.03596 259229.55 
2019 12 9.8742990 263285.09 5436.6602 945.57147 330.14505 81452.234 1209.3870 857.99072 8723.9434 13.523496 363.84644 2051.4929 4160.7290 0.0000000 368840.47 
2020 01 51.947399 294235.88 6762.6069 1156.3663 245.14020 28514.186 186.32373 1284.5175 21256.789 4.9371495 779.85498 5063.3687 11957.132 0.0000000 371499.03 
2020 02 110.97853 188118.70 9367.9189 2924.7244 341.95126 5367.5400 799.38892 1623.4635 21131.857 7.5130534 1364.5852 3887.2539 18984.629 11.376910 254041.88 
2020 03 429.31735 57804.359 14077.960 13950.023 528.48962 2347.9365 184.60646 3913.4424 47892.926 0.0000000 3137.0217 8908.1201 24854.469 9813.3359 187842.02 
2020 04 599.11237 28333.227 7791.4658 22951.305 385.52698 6392.5352 434.46915 15100.594 22103.617 177.52272 5652.6069 12568.051 10066.633 17309.646 149866.31 
2020 05 40.570488 7679.1992 7874.9678 3680.9668 76.847801 19006.094 2395.8054 7386.6196 9816.5557 800.03290 1562.9298 76336.484 2383.3552 1885.7764 140926.20 
2020 06 236.76852 2674.4324 8866.6914 13566.428 141.24541 15688.114 6021.6050 1049.2516 431.46393 730.05414 3004.1482 181528.69 99.816284 7535.1636 241573.86 
2020 07 441.98221 1452.3806 23087.613 15656.989 438.76233 25116.781 3565.9099 657.49951 371.78882 104.96809 2149.3772 309638.28 177.09340 26582.258 409441.66 
2020 08 740.14313 1247.8109 66490.094 9064.8213 414.29123 9964.8848 2268.5127 191.69019 186.96770 230.54341 8978.0986 260719.70 420.94565 14340.058 375258.56 
2020 09 1032.2936 3064.8965 121731.43 8795.4248 699.78729 10151.853 2078.1106 186.53839 1201.6592 324.77856 17946.754 332407.53 547.80896 8590.4258 508759.31 
2020 10 230.97273 86915.078 74364.633 8318.0234 562.83502 14733.313 2092.7075 167.86308 9619.9287 85.863472 2581.0559 99477.125 1612.3013 997.30420 301759.00 
2020 11 33.272095 181181.16 14115.954 1021.7753 132.22974 27615.193 1595.9872 261.66891 14606.449 285.49603 2069.5244 19672.395 376.51132 954.58710 263922.19 
2020 12 0.21465866 286955.72 5352.7285 593.31659 1.2879519 5335.1265 453.35913 947.07404 2036.2522 72.125313 493.92960 2680.8723 3661.0037 119.35022 308702.34 
2021 01 8.5863466 281905.00 2965.9390 776.63507 57.957840 1393.3494 149.18777 1020.7020 13338.675 0.0000000 1091.7540 1987.0953 7558.9907 0.0000000 312253.88 
2021 02 149.61710 144443.19 4738.5903 1202.0886 251.15065 1067.9269 147.68517 1168.8165 28088.730 5.1518083 2238.4607 6299.1587 10561.636 0.64397603 200362.83 
2021 03 149.61710 55275.895 6168.0024 4210.3154 239.77374 3748.7991 280.12958 3318.6230 55951.855 57.743183 3350.3926 7122.8042 6527.7700 3422.9473 149824.67 
2021 04 19.533939 20667.980 2731.5315 31958.812 274.11911 12577.496 164.42854 6587.4453 21135.938 238.70044 2448.1821 12120.917 1102.7017 14529.602 126557.39 
2021 05 103.03616 9405.2695 6015.1655 2685.1653 166.14581 37719.605 1134.0417 4796.3335 3431.3188 1562.5005 1132.5392 66591.625 147.89983 6650.1255 141540.78 
2021 06 283.77875 4252.8174 8741.7598 15161.986 183.74782 14364.958 2843.5835 1489.5165 426.09747 962.52948 3578.7893 190868.48 0.0000000 5972.8774 249130.92 
2021 07 1179.7642 1371.8835 24870.139 16623.383 440.47961 18628.080 1624.3221 348.39102 183.53316 25240.855 7026.2075 302220.53 64.397598 40813.055 440635.00 
2021 08 3343.3088 432.32257 71672.172 15617.706 558.11255 23966.641 2603.3804 160.77934 612.42120 8369.5420 9005.5752 325057.19 171.72694 37810.191 499381.09 
2021 09 1348.2711 4119.2998 82285.969 7068.4956 449.70993 19758.258 497.57880 85.648811 257.37576 250.50667 5097.9287 319212.03 816.99091 6133.4424 447381.53 
2021 10 725.76099 81416.812 35604.574 4664.9624 122.99942 59660.086 727.26355 122.78476 6460.3672 621.22223 1586.9716 127545.03 1348.0565 1762.5624 322369.47 
2021 11 49.371494 184070.03 4611.9414 1288.3813 66.973503 44588.039 2215.7068 503.80389 19125.443 4.0785146 773.84448 48466.277 3609.2710 28.978922 309402.12 
2021 12 2.7905626 286266.88 7195.3589 143.17732 71.266678 30126.057 472.46375 728.98083 1965.4148 0.0000000 616.92902 9168.2861 6736.2036 0.0000000 343493.81 
2022 01 98.528328 286938.53 23166.393 123.21408 150.69038 10886.415 352.46954 1058.9113 6956.8730 0.0000000 1017.9114 4821.2339 17383.273 2.5759041 352957.03 
2022 02 87.151421 126553.09 15390.168 1021.7753 54.952621 5071.3110 110.11990 1858.5148 15786.643 0.0000000 2339.1355 5509.8589 12876.730 221.74242 186881.20 
